'KBTONovel.dat'  
'KBTONovelOutput'  
2          ! Number of offspring in the sample
18           ! Number of loci
1234        ! Seed for random number generator
0           ! 0/1=Not updating/updating allele frequency
2           ! 2/1=Dioecious/Monoecious species
0           ! 0/1=No inbreeding/inbreeding
0           ! 0/1=Diploid species/HaploDiploid species
0  0        ! 0/1=Polygamy/Monogamy for males & females
0           ! 0/1=Clone inference =No/Yes
1           ! 0/1=Full sibship size scaling =No/Yes
1 1.0 1.0   ! 0,1,2,3=No,weak,medium,strong sibship size prior; mean paternal & meteral sibship size
1           ! 0/1=Unknown/Known population allele frequency
6 2 9 4 9 3 7 6 6 7 6 2 10 6 5 2 3 8    !Number of alleles per locus
     306     310     314     318     322     334	      
  0.1000  0.5000  0.0670  0.0670  0.2330  0.0330  
     292     296
  0.4000  0.6000     
     218     222     226     230     234     238     240     242     246    
  0.0330  0.1000  0.1670  0.3330  0.2330  0.0330  0.0330  0.0330  0.0330 
     286     294     298     302
  0.2330  0.5330  0.1670  0.0670
     198     206     210     214     234     238     242     246     254    
  0.2000  0.3000  0.1000  0.0330  0.0670  0.1330  0.0330  0.0330  0.1000 
     270     274     278
  0.5670  0.4000  0.0330
     146     150     154     158     162     166     170   
  0.1000  0.1000  0.0670  0.2000  0.1330  0.3670  0.0330
     232     240     248     252     256     260
  0.1670  0.3670	 0.1670	 0.0330	0.1670	0.1000
     336	     352	    360	    364	   368	   372      
  0.4330	  0.0670	 0.1000	 0.1000	0.0330	0.2670
     219     235	    239	    243	   247	   251	  255      
  0.0330	  0.0670	 0.2000	 0.2670	0.2670	0.1000  0.0670
     334	     338	    342	    346	   350	   358
  0.1000	  0.1000	 0.5000	 0.1330	0.1330	0.0330
     209	     213
  0.5330	  0.4670
     222	     230	    234	    246	   254	   258	  274	  278	  286	  290	  
  0.0330	  0.0330	 0.0330	 0.0670	0.2670	0.1000  0.0670  0.3330  0.0330   0.0330
     250	     254	    258	    262	   266	   270
  0.4000  0.0670	 0.0330	 0.1000	0.2330	0.1670
     160     164	    168	    172	   176
  0.1330	  0.4330  0.1000	 0.3000	0.0330
     213	     217
  0.5330	  0.4670	 
     261     265	    269
  0.0670	  0.7000  0.2330    	  
     216     224     228	    232	   236     240     244     256 
  0.0330	  0.0670	 0.0330	 0.0330	0.3000  0.2670  0.2330  0.0330




1         ! Number of runs
2         ! Length of run
0         ! 0/1=Monitor method by Iterate#/Time in second
100000    ! Monitor interval in Iterate# / in seconds
0         ! non-Windows version
1         ! Fulllikelihood
3         ! 1/2/3=low/medium/high Precision for Full-likelihood

11,10,18,24,107,112,132,144,333,330,294,318,255,222,214,168,150,167         
0,0,0,0,0,0,0,0,0,0,0,0,0,0,0,0,0,0
0,0,0,0,0,0,0,0,0,0,0,0,0,0,0,0,0,0
0.0408,0.7303,0.0140,0.2215,0.1099,0.3269,0.000,0.3355,0.3073,0.1075,0.1128,0.6325,0.000,0.2232,0.0154,0.6325,0.4000,0.0159
       
KBTO10  306 310 296 296 222 234 294 298 238 254 274 274 146 158 232 232 336 336 247 247 338 342 209 209 234 258 250 250 160 168 213 213 269 269 236 244
KBTO11  310 310 296 296 222 234 294 298 238 254 274 274 146 162 232 232 336 352 239 243 338 342 209 209 274 278 250 266 160 164 213 213 269 269 236 244 

0.5 0.5    !prob. of dad/mum included in the candidates
7   6       !numbers of candidate males & females

M1  310 310 292 296 226 226 286 286 198 206 270 270 158 166 248 256 360 372 243 243 342 342 209 213 254 278 250 250 164 168 213 217 265 265 240 240  
M2  310 322 296 296 222 230 298 298 206 238 274 274 158 162 232 240 336 352 243 247 342 350 209 213 258 278 250 266 160 164 213 217 265 269 236 244  
M3  322 334 292 292 230 238 294 298 214 238 274 274 150 162 260 260 336 364 239 243 334 342 213 213 246 286 250 262 164 164 217 217 265 265 224 232 
M4  306 314 292 292 230 242 294 294 198 206 274 274 150 154 252 260 336 336 239 247 350 358 209 209 222 246 250 258 160 172 213 213 261 265 228 240
M5  310 314 292 292 234 234 286 294 206 234 270 270 158 166 240 256 336 372 251 255 346 346 213 213 254 278 250 266 164 172 217 217 265 265 224 236 
M6  310 322 292 292 230 234 294 294 206 234 270 270 166 166 240 256 336 372 251 255 346 346 213 213 278 290 250 266 172 176 217 217 265 265 236 244
M7  322 322 292 296 230 230 294 294 210 210 270 278 166 166 248 248 372 372 239 239 342 350 213 213 254 278 262 266 164 172 217 217 261 265 236 240 
   
F1  318 322 296 296 226 230 294 294 198 206 270 270 166 170 248 248 360 364 247 251 342 350 213 213 254 278 270 270 172 172 217 217 265 265 240 244 
F2  310 310 296 296 230 234 302 302 198 206 270 270 166 166 240 240 368 372 235 247 342 342 209 209 254 278 266 270 164 172 213 213 265 265 236 244
F3  310 310 296 296 226 230 286 286 206 210 270 270 158 166 240 240 360 372 243 243 342 342 209 209 254 278 266 270 164 164 213 213 265 265 236 240 
F4  318 322 292 292 226 230 286 294 198 198 270 270 154 166 256 256 364 372 235 247 342 342 213 213 254 278 262 270 172 172 217 217 265 265 240 244 
F5  306 310 296 296 234 246 294 294 246 254 274 274 146 162 240 240 336 336 239 247 334 338 209 209 258 274 250 250 164 168 213 213 265 265 236 240 
F6  310 310 296 296 218 240 286 294 206 242 270 270 150 158 240 240 336 336 219 243 334 342 209 209 230 254 254 254 164 164 213 213 269 269 216 256 
   
0.0  0.0  
0  0


0  0

0  0

0 

0 

0 

0 

0 

0 


