         2         8         2         2  2  0  0  1
       264       266       268       270
 0.5670000 0.1000000 0.2330000 0.1000000
       266       267
 0.0670000 0.9330000
       262       263
 0.0670000 0.9330000
       217       223
 0.0330000 0.9670000
       265       266       267
 0.5330000 0.4000000 0.0670000
       366       367       368
 0.2000000 0.6670000 0.1330000
       152       153       154       155
 0.0670000 0.3330000 0.4670000 0.1330000
       243       250
 0.0670000 0.9330000
 0 0 0 0 0 0 0 0
 0 0 0 0 0 0 0 0
 0.2328000 0.9661000 0.9661000 0.9661000 0.3269000 0.4444000 0.4844000 0.9309000
 0.5000000 0.5000000         7         6
         0
         0
         0
         0
