        15        18        15        15  2  0  0  1
       306       310       314       318       322       334
 0.1000000 0.5000000 0.0670000 0.0670000 0.2330000 0.0330000
       292       296
 0.4000000 0.6000000
       218       222       226       230       234       238       240       242       246
 0.0330000 0.1000000 0.1670000 0.3330000 0.2330000 0.0330000 0.0330000 0.0330000 0.0330000
       286       294       298       302
 0.2330000 0.5330000 0.1670000 0.0670000
       198       206       210       214       234       238       242       246       254
 0.2000000 0.3000000 0.1000000 0.0330000 0.0670000 0.1330000 0.0330000 0.0330000 0.1000000
       270       274       278
 0.5670000 0.4000000 0.0330000
       146       150       154       158       162       166       170
 0.1000000 0.1000000 0.0670000 0.2000000 0.1330000 0.3670000 0.0330000
       232       240       248       252       256       260
 0.1670000 0.3670000 0.1670000 0.0330000 0.1670000 0.1000000
       336       352       360       364       368       372
 0.4330000 0.0670000 0.1000000 0.1000000 0.0330000 0.2670000
       219       235       239       243       247       251       255
 0.0330000 0.0670000 0.2000000 0.2670000 0.2670000 0.1000000 0.0670000
       334       338       342       346       350       358
 0.1000000 0.1000000 0.5000000 0.1330000 0.1330000 0.0330000
       209       213
 0.5330000 0.4670000
       222       230       234       246       254       258       274       278       286       290
 0.0330000 0.0330000 0.0330000 0.0670000 0.2670000 0.1000000 0.0670000 0.3330000 0.0330000 0.0330000
       250       254       258       262       266       270
 0.4000000 0.0670000 0.0330000 0.1000000 0.2330000 0.1670000
       160       164       168       172       176
 0.1330000 0.4330000 0.1000000 0.3000000 0.0330000
       213       217
 0.5330000 0.4670000
       261       265       269
 0.0670000 0.7000000 0.2330000
       216       224       228       232       236       240       244       256
 0.0330000 0.0670000 0.0330000 0.0330000 0.3000000 0.2670000 0.2330000 0.0330000
 0 0 0 0 0 0 0 0 0 0 0 0 0 0 0 0 0 0
 0 0 0 0 0 0 0 0 0 0
 0 0 0 0 0 0 0 0
 0.0408000 0.7303000 0.0140000 0.2215000 0.1099000 0.3269000 0.0000000 0.3355000 0.3073000 0.1075000
 0.1128000 0.6325000 0.0000000 0.2232000 0.0154000 0.6325000 0.4000000 0.0159000
 0.0000000 0.0000000         0         0
         0
         0
         0
         0
